         Br_Ch       Ar_Ch        Ur_Ch       Ca_Ch          Ru_Ch           Pa_Ch
1           NA 0.047529347 0.0181831047 0.009962643             NA              NA
2  0.002617894          NA 0.0111853583 0.007698331             NA              NA
3           NA          NA 0.0116691461 0.009306139             NA              NA
4  0.006752593          NA 0.0013158674 0.010827395             NA              NA
5           NA          NA           NA 0.014147895             NA              NA
6           NA 0.025440806           NA 0.010036073             NA              NA
7           NA 0.064111101           NA 0.011233704             NA              NA
8           NA          NA           NA 0.012484369             NA              NA
9  0.002567939 0.199773827           NA 0.013191134             NA              NA
10          NA 0.032110857           NA 0.013789822             NA              NA
11 0.003366160 0.053612690           NA 0.009979462             NA              NA
12 0.120210833 0.005938037           NA 0.009698495             NA 0.0001914444689
13 0.306525035 0.136741705           NA 0.015361660 0.013485712092              NA
14 0.129378019          NA           NA 0.016453006 0.001720777330 0.0072062546317
15 0.155310336 0.233804191           NA 0.003550609 0.003597840862              NA
16 0.206998520 0.293569319           NA 0.002654291 0.000788203120              NA
17 0.320266029 0.191337853           NA 0.002526646 0.000004095050 0.0000059564361
18 0.240240109 0.212521892           NA 0.001481712 0.000028203895              NA
19 0.326988471 0.205974877           NA 0.002819769 0.000006877486 0.0000007053831
20 0.291865694 0.278972438 0.0009901281 0.001890562 0.000001746258              NA
21 0.363757332 0.203335899 0.0024174915 0.001908929             NA              NA
22 0.277499124 0.255501149 0.0012050583 0.001810178 0.000034635833              NA
23 0.348901499 0.170177651 0.0015636269 0.004288856 0.000048474696              NA
24 0.368166810 0.067387644 0.0028552398 0.004002443 0.000020655165              NA
25 0.305719901 0.172364499 0.0059497293 0.004679204 0.000006751501 0.0000359113588
26 0.431344191 0.144946873 0.0074191546 0.003856057 0.000030037864 0.0007840838755
27 0.390816350 0.085236506 0.0144645562 0.015912833 0.000705893428 0.0000648435530
28 0.491013886 0.090622281 0.0179799485 0.012003992 0.000465647789 0.0000365796683
            Au_Ch           SA_Ch     others
1              NA              NA 0.03085662
2              NA              NA 0.71330802
3              NA              NA 0.77854718
4              NA              NA 0.80479546
5              NA              NA 0.55893724
6              NA              NA 0.54725679
7              NA              NA 0.31352871
8              NA              NA 0.17351192
9              NA              NA 0.39862034
10 0.000019032560              NA 0.15829234
11             NA 0.0000000000000 0.06196271
12 0.000001629315              NA 0.06953508
13 0.000048937763              NA 0.08959257
14 0.000013702275              NA 0.09552084
15 0.000088830227 0.0000000000000 0.03471572
16 0.000093605769              NA 0.03093777
17 0.000228578236 0.0000000000000 0.03093401
18 0.000112479821 0.0000036933672 0.01601998
19 0.000106865547 0.0000067011399 0.02815960
20 0.000151130662              NA 0.02935030
21 0.000140863505              NA 0.02486512
22 0.000089611822              NA 0.02157352
23 0.000028783323 0.0000035802496 0.02227735
24 0.000055623012 0.0000277834420 0.01990973
25 0.000031520812 0.0000449823941 0.01537217
26 0.000029378416 0.0000009891723 0.01733633
27 0.000023252297 0.0000547352192 0.03978690
28 0.000032246769 0.0000314412942 0.03619557
    Br_Ch.prop  Ar_Ch.prop   Ur_Ch.prop  Ca_Ch.prop     Ru_Ch.prop      Pa_Ch.prop
1           NA 0.047529347 0.0181831047 0.009962643             NA              NA
2  0.002617894          NA 0.0111853583 0.007698331             NA              NA
3           NA          NA 0.0116691461 0.009306139             NA              NA
4  0.006752593          NA 0.0013158674 0.010827395             NA              NA
5           NA          NA           NA 0.014147895             NA              NA
6           NA 0.025440806           NA 0.010036073             NA              NA
7           NA 0.064111101           NA 0.011233704             NA              NA
8           NA          NA           NA 0.012484369             NA              NA
9  0.002567939 0.199773827           NA 0.013191134             NA              NA
10          NA 0.032110857           NA 0.013789822             NA              NA
11 0.003366160 0.053612690           NA 0.009979462             NA              NA
12 0.120210833 0.005938037           NA 0.009698495             NA 0.0001914444689
13 0.306525035 0.136741705           NA 0.015361660 0.013485712092              NA
14 0.129378019          NA           NA 0.016453006 0.001720777330 0.0072062546317
15 0.155310336 0.233804191           NA 0.003550609 0.003597840862              NA
16 0.206998520 0.293569319           NA 0.002654291 0.000788203120              NA
17 0.320266029 0.191337853           NA 0.002526646 0.000004095050 0.0000059564361
18 0.240240109 0.212521892           NA 0.001481712 0.000028203895              NA
19 0.326988471 0.205974877           NA 0.002819769 0.000006877486 0.0000007053831
20 0.291865694 0.278972438 0.0009901281 0.001890562 0.000001746258              NA
21 0.363757332 0.203335899 0.0024174915 0.001908929             NA              NA
22 0.277499124 0.255501149 0.0012050583 0.001810178 0.000034635833              NA
23 0.348901499 0.170177651 0.0015636269 0.004288856 0.000048474696              NA
24 0.368166810 0.067387644 0.0028552398 0.004002443 0.000020655165              NA
25 0.305719901 0.172364499 0.0059497293 0.004679204 0.000006751501 0.0000359113588
26 0.431344191 0.144946873 0.0074191546 0.003856057 0.000030037864 0.0007840838755
27 0.390816350 0.085236506 0.0144645562 0.015912833 0.000705893428 0.0000648435530
28 0.491013886 0.090622281 0.0179799485 0.012003992 0.000465647789 0.0000365796683
       Au_Ch.prop      SA_Ch.prop others.prop
1              NA              NA  0.03085662
2              NA              NA  0.71330802
3              NA              NA  0.77854718
4              NA              NA  0.80479546
5              NA              NA  0.55893724
6              NA              NA  0.54725679
7              NA              NA  0.31352871
8              NA              NA  0.17351192
9              NA              NA  0.39862034
10 0.000019032560              NA  0.15829234
11             NA 0.0000000000000  0.06196271
12 0.000001629315              NA  0.06953508
13 0.000048937763              NA  0.08959257
14 0.000013702275              NA  0.09552084
15 0.000088830227 0.0000000000000  0.03471572
16 0.000093605769              NA  0.03093777
17 0.000228578236 0.0000000000000  0.03093401
18 0.000112479821 0.0000036933672  0.01601998
19 0.000106865547 0.0000067011399  0.02815960
20 0.000151130662              NA  0.02935030
21 0.000140863505              NA  0.02486512
22 0.000089611822              NA  0.02157352
23 0.000028783323 0.0000035802496  0.02227735
24 0.000055623012 0.0000277834420  0.01990973
25 0.000031520812 0.0000449823941  0.01537217
26 0.000029378416 0.0000009891723  0.01733633
27 0.000023252297 0.0000547352192  0.03978690
28 0.000032246769 0.0000314412942  0.03619557
